[[-0.2 -0.2 -0.2 -0.2]
 [-0.2 -0.2 -0.2 -0.2]
 [-0.2 -0.2 -0.2 -0.2]
 [-0.2 -0.2 -0.2 -0.2]]
[[-0.34 -0.34 -0.34 -0.34]
 [-0.34 -0.34 -0.34 -0.34]
 [-0.34 -0.34 -0.34 -0.34]
 [-0.34 -0.34 -0.34 -0.34]]
[[ -0.438    -0.438   123.042   131.25048]
 [ -0.438    -0.438    -0.438    -0.438  ]
 [ -0.438    -0.438    -0.438    -0.438  ]
 [ -0.438    -0.438    -0.438    -0.438  ]]
[[ 61.72732    68.629852  143.742736  162.2947954]
 [ -0.5066     -0.5066     68.629852   82.4336224]
 [ -0.5066     -0.5066     68.6422     68.629852 ]
 [ -0.5066     -0.5066     -0.5066     -0.5066   ]]
[[ 74.76086998  86.49157406 176.14693933 192.35740015]
 [ 34.29015181  42.98899676  86.97205297 107.51684661]
 [ 37.2006248   38.16179312  80.22500816  87.93218904]
 [ -0.55462     -0.55462     38.14952184  42.89520912]]
[[ 97.91449437 108.72818249 183.2502283  201.05296565]
 [ 45.02904982  57.49624043 109.30058456 127.64287541]
 [ 43.88337842  48.76269297 103.6503735  110.10040751]
 [ 20.54577363  23.78306112  48.14479483  57.55958208]]
[[103.45354933 115.47942535 191.41165802 207.64780689]
 [ 60.27225956  72.22787762 115.84317892 134.58355596]
 [ 59.91884451  64.14099249 108.56380082 116.79469924]
 [ 26.24252804  31.94214537  63.60353947  72.23680667]]
[[110.35633233 121.45157079 193.48965313 209.74764962]
 [ 65.08439285  77.48284436 121.80595215 139.15303482]
 [ 63.28122074  68.73486479 115.37916672 122.64484563]
 [ 36.52276117  42.02784424  68.06845287  77.52746124]]
[[112.1705875  123.394473   195.58823691 211.25903772]
 [ 69.93344091  81.52444199 123.68416075 140.86508026]
 [ 68.59605902  73.45992233 117.01357665 124.53212455]
 [ 39.51734542  45.63285498  72.86010663  81.54011533]]
[[114.12812057 124.94415112 196.17725837 211.77535201]
 [ 71.52147618  83.04945678 125.23775938 141.93994277]
 [ 69.84154498  74.95653494 118.93286093 126.0452586 ]
 [ 43.14265939  48.81793942  74.34232321  83.06947088]]
[[114.68025752 125.47386071 196.72973547 212.14107617]
 [ 72.9316561   84.11866914 125.75590281 142.3679588 ]
 [ 71.47251884  76.31116544 119.43708098 126.56021785]
 [ 44.25767081  50.01185698  75.72542047  84.13210205]]
[[115.22996083 125.87909804 196.89586888 212.27294924]
 [ 73.41063481  84.54092995 126.16503988 142.633773  ]
 [ 71.88667298  76.7603853  119.9748045  126.95703931]
 [ 45.40327685  50.94298986  76.17592221  84.55568599]]
[[115.39370443 126.02334012 197.04424727 212.36548694]
 [ 73.81032792  84.82571874 126.30785774 142.74423284]
 [ 72.37245602  77.14173852 120.12582079 127.09797609]
 [ 45.77112996  51.3055802   76.56724721  84.83899242]]
[[115.5483127  126.1312439  197.09122533 212.40025826]
 [ 73.95065057  84.94220664 126.41746597 142.81237689]
 [ 72.50378168  77.2730096  120.27692231 127.20400937]
 [ 46.11734025  51.57156553  76.70004331  84.95596635]]
[[115.5964297  126.17094956 197.13172926 212.42445984]
 [ 74.06340369  85.01907628 126.45714734 142.84165961]
 [ 72.64665428  77.3802062  120.32161562 127.24297393]
 [ 46.23263312  51.67836004  76.8104494   85.03259131]]
[[115.6401235  126.2001987  197.14508174 212.43384747]
 [ 74.1041916   85.05142192 126.48699153 142.85964083]
 [ 72.68733703  77.41827123 120.36429998 127.27179257]
 [ 46.335252    51.75395403  76.84919908  85.06511114]]
[[115.65423073 126.21126025 197.15628561 212.44033265]
 [ 74.13609876  85.07246995 126.49812074 142.86756808]
 [ 72.72912591  77.44852362 120.37747296 127.28268013]
 [ 46.37054581  51.78507477  76.88044269  85.08613326]]
[[115.66664519 126.21930896 197.16010345 212.44291244]
 [ 74.14793545  85.08152956 126.50635936 142.87241846]
 [ 72.74157273  77.4595568  120.38959757 127.29062482]
 [ 46.40070576  51.80659405  76.89172759  85.0952521 ]]
[[115.67078393 126.22242379 197.16323606 212.44468233]
 [ 74.15700629  85.08736659 126.50950872 142.87459975]
 [ 72.75376672  77.46814066 120.39347811 127.29369676]
 [ 46.41138388  51.81564333  76.90061147  85.1010917 ]]
[[115.67432877 126.22466583 197.16433423 212.44540113]
 [ 74.16044804  85.08992621 126.51180902 142.8759305 ]
 [ 72.7575472   77.47134606 120.39693954 127.29591258]
 [ 46.42021495  51.82179324  76.90390191  85.10367024]]
[[115.67554514 126.22555102 197.16521779 212.44589105]
 [ 74.16303941  85.09156241 126.51270736 142.87653862]
 [ 72.76110214  77.47379463 120.39808378 127.29678677]
 [ 46.42342567  51.82442746  76.9064403   85.10530939]]
[[115.67656172 126.22618174 197.16553543 212.44609357]
 [ 74.16404309  85.0922913  126.51335561 142.87690863]
 [ 72.76224505  77.47472879 120.39907626 127.29741065]
 [ 46.42600748  51.82619274  76.90740199  85.10604406]]
[[115.67691993 126.22643525 197.16578642 212.44623071]
 [ 74.16478671  85.09275406 126.51361363 142.87707999]
 [ 72.76328118  77.47543055 120.39941415 127.29766126]
 [ 46.42696944  51.82696129  76.90813048  85.10650814]]
[[115.67721254 126.22661409 197.16587874 212.4462883 ]
 [ 74.16508027  85.09296306 126.5137977  142.87718398]
 [ 72.76362557  77.47570363 120.39969976 127.29783827]
 [ 46.42772383  51.82747009  76.90841226  85.10671884]]
[[115.67731823 126.22668717 197.16595045 212.44632703]
 [ 74.16529448  85.09309491 126.51387225 142.87723269]
 [ 72.7639276   77.47590556 120.39979968 127.29791056]
 [ 46.42801138  51.82769488  76.90862212  85.10685117]]
[[115.67740271 126.2267382  197.1659774  212.44634353]
 [ 74.16538057  85.09315519 126.51392484 142.87726217]
 [ 72.76403111  77.47598561 120.39988212 127.2979611 ]
 [ 46.42823179  51.82784206  76.90870488  85.10691193]]
[[115.67743394 126.22675938 197.16599798 212.44635455]
 [ 74.16544247  85.09319298 126.51394649 142.87727612]
 [ 72.76411917  77.4760439  120.3999117  127.29798206]
 [ 46.4283176   51.82790795  76.90876553  85.10694988]]
[[115.67745839 126.22677402 197.16600588 212.44635931]
 [ 74.16546777  85.09321045 126.51396159 142.87728453]
 [ 72.76415023  77.47606742 120.39993555 127.29799657]
 [ 46.42838201  51.82795066  76.90878988  85.10696749]]
[[115.67746763 126.22678018 197.16601181 212.44636246]
 [ 74.16548571  85.09322134 126.5139679  142.87728855]
 [ 72.76417591  77.47608429 120.39994432 127.29800267]
 [ 46.42840759  51.82797001  76.90880745  85.10697842]]
[[115.67747472 126.2267844  197.16601413 212.44636384]
 [ 74.16549316  85.09322642 126.51397225 142.87729097]
 [ 72.76418521  77.47609122 120.39995124 127.29800685]
 [ 46.42842641  51.82798243  76.90881463  85.10698354]]
[[115.67747746 126.2267862  197.16601584 212.44636475]
 [ 74.16549836  85.09322957 126.51397409 142.87729213]
 [ 72.7641927   77.47609611 120.39995384 127.29800863]
 [ 46.42843403  51.82798813  76.90881973  85.1069867 ]]
[[115.67747952 126.22678742 197.16601652 212.44636515]
 [ 74.16550056  85.09323105 126.51397535 142.87729283]
 [ 72.76419549  77.47609815 120.39995585 127.29800984]
 [ 46.42843953  51.82799175  76.90882185  85.1069882 ]]
[[115.67748033 126.22678795 197.16601702 212.44636541]
 [ 74.16550208  85.09323197 126.51397589 142.87729317]
 [ 72.76419767  77.47609957 120.39995662 127.29801036]
 [ 46.4284418   51.82799343  76.90882333  85.10698911]]
[[115.67748093 126.2267883  197.16601722 212.44636553]
 [ 74.16550272  85.0932324  126.51397626 142.87729337]
 [ 72.7641985   77.47610018 120.39995721 127.29801071]
 [ 46.42844341  51.82799448  76.90882396  85.10698955]]
[[115.67748117 126.22678846 197.16601737 212.4463656 ]
 [ 74.16550316  85.09323267 126.51397642 142.87729347]
 [ 72.76419914  77.47610059 120.39995743 127.29801086]
 [ 46.42844408  51.82799498  76.90882439  85.10698982]]
[[115.67748134 126.22678856 197.16601742 212.44636564]
 [ 74.16550336  85.09323279 126.51397652 142.87729353]
 [ 72.76419939  77.47610077 120.3999576  127.29801097]
 [ 46.42844455  51.82799529  76.90882457  85.10698995]]
[[115.67748141 126.2267886  197.16601747 212.44636566]
 [ 74.16550348  85.09323287 126.51397657 142.87729356]
 [ 72.76419958  77.47610089 120.39995767 127.29801101]
 [ 46.42844475  51.82799543  76.9088247   85.10699002]]
[[115.67748147 126.22678863 197.16601748 212.44636567]
 [ 74.16550354  85.09323291 126.5139766  142.87729357]
 [ 72.76419965  77.47610094 120.39995772 127.29801104]
 [ 46.42844489  51.82799552  76.90882476  85.10699006]]
[[115.67748149 126.22678865 197.1660175  212.44636568]
 [ 74.16550358  85.09323293 126.51397662 142.87729358]
 [ 72.76419971  77.47610098 120.39995774 127.29801105]
 [ 46.42844495  51.82799556  76.90882479  85.10699008]]
[[115.6774815  126.22678866 197.1660175  212.44636568]
 [ 74.1655036   85.09323294 126.51397663 142.87729359]
 [ 72.76419973  77.47610099 120.39995776 127.29801106]
 [ 46.42844499  51.82799559  76.90882481  85.10699009]]
[[115.67748151 126.22678866 197.16601751 212.44636568]
 [ 74.16550361  85.09323295 126.51397663 142.87729359]
 [ 72.76419974  77.476101   120.39995776 127.29801107]
 [ 46.42844501  51.8279956   76.90882482  85.1069901 ]]
[[115.67748151 126.22678866 197.16601751 212.44636568]
 [ 74.16550361  85.09323295 126.51397663 142.87729359]
 [ 72.76419975  77.47610101 120.39995777 127.29801107]
 [ 46.42844502  51.82799561  76.90882482  85.1069901 ]]
[[115.67748151 126.22678866 197.16601751 212.44636568]
 [ 74.16550361  85.09323295 126.51397663 142.87729359]
 [ 72.76419975  77.47610101 120.39995777 127.29801107]
 [ 46.42844502  51.82799562  76.90882483  85.10699011]]
[[115.67748152 126.22678866 197.16601751 212.44636568]
 [ 74.16550362  85.09323295 126.51397663 142.87729359]
 [ 72.76419976  77.47610101 120.39995777 127.29801107]
 [ 46.42844503  51.82799562  76.90882483  85.10699011]]
[[115.67748152 126.22678866 197.16601751 212.44636568]
 [ 74.16550362  85.09323295 126.51397663 142.87729359]
 [ 72.76419976  77.47610101 120.39995777 127.29801107]
 [ 46.42844503  51.82799562  76.90882483  85.10699011]]
[[115.67748152 126.22678866 197.16601751 212.44636568]
 [ 74.16550362  85.09323295 126.51397663 142.87729359]
 [ 72.76419976  77.47610101 120.39995777 127.29801107]
 [ 46.42844503  51.82799562  76.90882483  85.10699011]]
[[115.67748152 126.22678866 197.16601751 212.44636568]
 [ 74.16550362  85.09323296 126.51397663 142.87729359]
 [ 72.76419976  77.47610101 120.39995777 127.29801107]
 [ 46.42844503  51.82799562  76.90882483  85.10699011]]
[[115.67748152 126.22678866 197.16601751 212.44636568]
 [ 74.16550362  85.09323296 126.51397663 142.87729359]
 [ 72.76419976  77.47610101 120.39995777 127.29801107]
 [ 46.42844503  51.82799562  76.90882483  85.10699011]]
[[115.67748152 126.22678866 197.16601751 212.44636568]
 [ 74.16550362  85.09323296 126.51397663 142.87729359]
 [ 72.76419976  77.47610101 120.39995777 127.29801107]
 [ 46.42844503  51.82799562  76.90882483  85.10699011]]
[[115.67748152 126.22678866 197.16601751 212.44636568]
 [ 74.16550362  85.09323296 126.51397663 142.87729359]
 [ 72.76419976  77.47610101 120.39995777 127.29801107]
 [ 46.42844503  51.82799562  76.90882483  85.10699011]]
[[115.67748152 126.22678866 197.16601751 212.44636568]
 [ 74.16550362  85.09323296 126.51397663 142.87729359]
 [ 72.76419976  77.47610101 120.39995777 127.29801107]
 [ 46.42844503  51.82799562  76.90882483  85.10699011]]
[[115.67748152 126.22678866 197.16601751 212.44636568]
 [ 74.16550362  85.09323296 126.51397663 142.87729359]
 [ 72.76419976  77.47610101 120.39995777 127.29801107]
 [ 46.42844503  51.82799562  76.90882483  85.10699011]]
[[115.67748152 126.22678866 197.16601751 212.44636568]
 [ 74.16550362  85.09323296 126.51397663 142.87729359]
 [ 72.76419976  77.47610101 120.39995777 127.29801107]
 [ 46.42844503  51.82799562  76.90882483  85.10699011]]
[[115.67748152 126.22678866 197.16601751 212.44636568]
 [ 74.16550362  85.09323296 126.51397663 142.87729359]
 [ 72.76419976  77.47610101 120.39995777 127.29801107]
 [ 46.42844503  51.82799562  76.90882483  85.10699011]]
[[115.67748152 126.22678866 197.16601751 212.44636568]
 [ 74.16550362  85.09323296 126.51397663 142.87729359]
 [ 72.76419976  77.47610101 120.39995777 127.29801107]
 [ 46.42844503  51.82799562  76.90882483  85.10699011]]
[[115.67748152 126.22678866 197.16601751 212.44636568]
 [ 74.16550362  85.09323296 126.51397663 142.87729359]
 [ 72.76419976  77.47610101 120.39995777 127.29801107]
 [ 46.42844503  51.82799562  76.90882483  85.10699011]]
[[115.67748152 126.22678866 197.16601751 212.44636568]
 [ 74.16550362  85.09323296 126.51397663 142.87729359]
 [ 72.76419976  77.47610101 120.39995777 127.29801107]
 [ 46.42844503  51.82799562  76.90882483  85.10699011]]
[[115.67748152 126.22678866 197.16601751 212.44636568]
 [ 74.16550362  85.09323296 126.51397663 142.87729359]
 [ 72.76419976  77.47610101 120.39995777 127.29801107]
 [ 46.42844503  51.82799562  76.90882483  85.10699011]]
[[115.67748152 126.22678866 197.16601751 212.44636568]
 [ 74.16550362  85.09323296 126.51397663 142.87729359]
 [ 72.76419976  77.47610101 120.39995777 127.29801107]
 [ 46.42844503  51.82799562  76.90882483  85.10699011]]
[[115.67748152 126.22678866 197.16601751 212.44636568]
 [ 74.16550362  85.09323296 126.51397663 142.87729359]
 [ 72.76419976  77.47610101 120.39995777 127.29801107]
 [ 46.42844503  51.82799562  76.90882483  85.10699011]]
[[115.67748152 126.22678866 197.16601751 212.44636568]
 [ 74.16550362  85.09323296 126.51397663 142.87729359]
 [ 72.76419976  77.47610101 120.39995777 127.29801107]
 [ 46.42844503  51.82799562  76.90882483  85.10699011]]
[[115.67748152 126.22678866 197.16601751 212.44636568]
 [ 74.16550362  85.09323296 126.51397663 142.87729359]
 [ 72.76419976  77.47610101 120.39995777 127.29801107]
 [ 46.42844503  51.82799562  76.90882483  85.10699011]]
[[115.67748152 126.22678866 197.16601751 212.44636568]
 [ 74.16550362  85.09323296 126.51397663 142.87729359]
 [ 72.76419976  77.47610101 120.39995777 127.29801107]
 [ 46.42844503  51.82799562  76.90882483  85.10699011]]
[[115.67748152 126.22678866 197.16601751 212.44636568]
 [ 74.16550362  85.09323296 126.51397663 142.87729359]
 [ 72.76419976  77.47610101 120.39995777 127.29801107]
 [ 46.42844503  51.82799562  76.90882483  85.10699011]]